18

6 0.000000 0.000000 0.000000 0.000000 0.000000 0.000000 0.000000 0.000000 0.000000 0.000000 0.000000 0.000000 0.000000 0.000000 0.000000 1.000000 0.000000 0.000000 
0 0 0 0 0 1
1 1 1 1 0 0 0 0 
1.000000 0.000000 0.000000

3 0.000000 0.000000 0.000000 0.000000 0.000000 0.000000 1.000000 0.000000 0.000000 
0 0 1
1 1 1 0 0 0 0 0 
1.000000 0.000000 0.000000

4 0.000000 0.000000 0.000000 0.000000 0.000000 0.000000 0.000000 0.000000 0.000000 1.000000 0.000000 0.000000 
0 0 0 1
1 0 1 1 0 0 0 0 
1.000000 0.000000 0.000000

2 0.000000 0.000000 0.000000 1.000000 0.000000 0.000000 
0 1
1 0 0 1 0 0 0 0 
1.000000 0.000000 0.000000

4 0.000000 0.000000 0.000000 0.000000 0.000000 0.000000 0.000000 0.000000 0.000000 1.000000 0.000000 0.000000 
0 0 0 1
1 1 0 1 0 0 0 0 
1.000000 0.000000 0.000000

5 0.000000 0.000000 0.000000 0.000000 0.000000 0.000000 0.000000 0.000000 0.000000 0.000000 0.000000 0.000000 1.000000 0.000000 0.000000 
0 0 0 0 1
1 1 0 0 0 0 0 0 
1.000000 0.000000 0.000000

1 1.000000 0.000000 0.000000 
1
0 0 0 0 0 0 0 0 
1.000000 0.000000 0.000000

1 1.000000 0.000000 0.000000 
1
0 0 0 0 0 0 0 0 
1.000000 0.000000 0.000000

1 1.000000 0.000000 0.000000 
1
0 0 0 0 0 0 0 0 
1.000000 0.000000 0.000000

1 1.000000 0.000000 0.000000 
1
0 0 0 0 0 0 0 0 
1.000000 0.000000 0.000000

1 1.000000 0.000000 0.000000 
1
0 0 0 0 0 0 0 0 
1.000000 0.000000 0.000000

1 1.000000 0.000000 0.000000 
1
0 0 0 0 0 0 0 0 
1.000000 0.000000 0.000000

1 1.000000 0.000000 0.000000 
1
0 0 0 0 0 0 0 0 
1.000000 0.000000 0.000000

1 1.000000 0.000000 0.000000 
1
0 0 0 0 0 0 0 0 
1.000000 0.000000 0.000000

1 1.000000 0.000000 0.000000 
1
0 0 0 0 0 0 0 0 
1.000000 0.000000 0.000000

1 1.000000 0.000000 0.000000 
1
0 0 0 0 0 0 0 0 
1.000000 0.000000 0.000000

1 1.000000 0.000000 0.000000 
1
0 0 0 0 0 0 0 0 
1.000000 0.000000 0.000000

1 1.000000 0.000000 0.000000 
1
0 0 0 0 0 0 0 0 
1.000000 0.000000 0.000000

4.000000 0.000000 0.000000
0.000000 0.000000 0.000000
0.000000 0.000000 0.000000

e 30 11 10
60000 1000
0
